246 249 249 245 237 237 237 237 248 249 249 249 240 237 237 240
249 255 255 248 230 230 230 231 254 255 255 255 237 230 230 237
249 255 255 248 230 230 230 231 254 255 255 255 237 230 230 237
245 248 248 245 237 237 237  31 202  31 248 248 240 237 237 240
237 230 230 237 255 255 255 254 231  27 230 230 248 255 255 249
237 230 230 237 255 255 240 254  56  27 230 230 248 255 255 249
237 230 230 237 255 255  31  23 231  23 230 230 248 255 255 249
237 231 231 237 254 254 254  31  11 231 231 231 248 254 254 248
248 254 254 248 231 231  29 232  29 233 254 254 237 231 231 237
249 255 255 248 230 230 230 231  27 255 255 255 237 230 230 237
249 255 255 248 230 230 212 201  23  17 255 255 237 230 230 237
249 255 255 248 230 230  23 231 254  23 255 255 237 230 230 237
240 237 237 240 248 248 248  20  22  57 237 237 245 248 248 245
237 230 230 237 255 255 255 254  18 230 230 230 248 255 255 249
237 230 230 237 255 255 255 254 238 230 230 230 248 255 255 249
240 237 237 240 249 249 249 248 237 237 237 237 245 249 249 246
246 249 249 245 237 237 237 237 248 249 249 249 240 237 237 240
249 255 255 248 230 230 230 231 254 255 255 255 237 230 230 237
249 255 255 248 230 230 230 231 254 255 255 255 237 230 230 237
245 248 248 245 237 237 237  31 202  31 248 248 240 237 237 240
237 230 230 237 255 255 255 254 231  27 230 230 248 255 255 249
237 230 230 237 255 255 240 254  56  27 230 230 248 255 255 249
237 230 230 237 255 255  31  23 231  23 230 230 248 255 255 249
237 231 231 237 254 254 254  31  11 231 231 231 248 254 254 248
248 254 254 248 231 231  29 232  29 233 254 254 237 231 231 237
249 255 255 248 230 230 230 231  27 255 255 255 237 230 230 237
249 255 255 248 230 230 212 201  23  17 255 255 237 230 230 237
249 255 255 248 230 230  23 231 254  23 255 255 237 230 230 237
240 237 237 240 248 248 248  20  22  57 237 237 245 248 248 245
237 230 230 237 255 255 255 254  18 230 230 230 248 255 255 249
237 230 230 237 255 255 255 254 238 230 230 230 248 255 255 249
240 237 237 240 249 249 249 248 237 237 237 237 245 249 249 246
246 249 249 245 237 237 237 237 248 249 249 249 240 237 237 240
249 255 255 248 230 230 230 231 254 255 255 255 237 230 230 237
249 255 255 248 230 230 230 231 254 255 255 255 237 230 230 237
245 248 248 245 237 237 237  31 202  31 248 248 240 237 237 240
237 230 230 237 255 255 255 254 231  27 230 230 248 255 255 249
237 230 230 237 255 255 240 254  56  27 230 230 248 255 255 249
237 230 230 237 255 255  31  23 231  23 230 230 248 255 255 249
237 231 231 237 254 254 254  31  11 231 231 231 248 254 254 248
248 254 254 248 231 231  29 232  29 233 254 254 237 231 231 237
249 255 255 248 230 230 230 231  27 255 255 255 237 230 230 237
249 255 255 248 230 230 212 201  23  17 255 255 237 230 230 237
249 255 255 248 230 230  23 231 254  23 255 255 237 230 230 237
240 237 237 240 248 248 248  20  22  57 237 237 245 248 248 245
237 230 230 237 255 255 255 254  18 230 230 230 248 255 255 249
237 230 230 237 255 255 255 254 238 230 230 230 248 255 255 249
240 237 237 240 249 249 249 248 237 237 237 237 245 249 249 246

240 237 237 240 249 249 249 248 237 237 237 237 245 249 249 246
237 230 230 237 255 255 255 254 231 230 230 230 248 255 255 249
237 230 230 237 255 255 255 254 231 230 230 230 248 255 255 249
240 237 237 240 248 248 248 248 237 237 237 237 245 248 248 245
249 255 255 248 230 230 230 231 254 255 255 255 237 230 230 237
249 255 255 248 230 230 230 231 254 255 255 255 237 230 230 237
249 255 255  31  27  27  23 231 233 255  17  23  57 230 230 237
248 254 254 202 231  56 231  11  29  27  23 254  22  18 238 237
237 231 231  31 254 254  23  31 232 231 201 231  20 254 254 248
237 230 230 237 255 240  31 254  29 230 212  23 248 255 255 249
237 230 230 237 255 255 255 254 231 230 230 230 248 255 255 249
237 230 230 237 255 255 255 254 231 230 230 230 248 255 255 249
245 248 248 245 237 237 237 237 248 248 248 248 240 237 237 240
249 255 255 248 230 230 230 231 254 255 255 255 237 230 230 237
249 255 255 248 230 230 230 231 254 255 255 255 237 230 230 237
246 249 249 245 237 237 237 237 248 249 249 249 240 237 237 240
240 237 237 240 249 249 249 248 237 237 237 237 245 249 249 246
237 230 230 237 255 255 255 254 231 230 230 230 248 255 255 249
237 230 230 237 255 255 255 254 231 230 230 230 248 255 255 249
240 237 237 240 248 248 248 248 237 237 237 237 245 248 248 245
249 255 255 248 230 230 230 231 254 255 255 255 237 230 230 237
249 255 255 248 230 230 230 231 254 255 255 255 237 230 230 237
249 255 255  31  27  27  23 231 233 255  17  23  57 230 230 237
248 254 254 202 231  56 231  11  29  27  23 254  22  18 238 237
237 231 231  31 254 254  23  31 232 231 201 231  20 254 254 248
237 230 230 237 255 240  31 254  29 230 212  23 248 255 255 249
237 230 230 237 255 255 255 254 231 230 230 230 248 255 255 249
237 230 230 237 255 255 255 254 231 230 230 230 248 255 255 249
245 248 248 245 237 237 237 237 248 248 248 248 240 237 237 240
249 255 255 248 230 230 230 231 254 255 255 255 237 230 230 237
249 255 255 248 230 230 230 231 254 255 255 255 237 230 230 237
246 249 249 245 237 237 237 237 248 249 249 249 240 237 237 240
240 237 237 240 249 249 249 248 237 237 237 237 245 249 249 246
237 230 230 237 255 255 255 254 231 230 230 230 248 255 255 249
237 230 230 237 255 255 255 254 231 230 230 230 248 255 255 249
240 237 237 240 248 248 248 248 237 237 237 237 245 248 248 245
249 255 255 248 230 230 230 231 254 255 255 255 237 230 230 237
249 255 255 248 230 230 230 231 254 255 255 255 237 230 230 237
249 255 255  31  27  27  23 231 233 255  17  23  57 230 230 237
248 254 254 202 231  56 231  11  29  27  23 254  22  18 238 237
237 231 231  31 254 254  23  31 232 231 201 231  20 254 254 248
237 230 230 237 255 240  31 254  29 230 212  23 248 255 255 249
237 230 230 237 255 255 255 254 231 230 230 230 248 255 255 249
237 230 230 237 255 255 255 254 231 230 230 230 248 255 255 249
245 248 248 245 237 237 237 237 248 248 248 248 240 237 237 240
249 255 255 248 230 230 230 231 254 255 255 255 237 230 230 237
249 255 255 248 230 230 230 231 254 255 255 255 237 230 230 237
246 249 249 245 237 237 237 237 248 249 249 249 240 237 237 240

242 242 241 241 240 241 242 229 241 241 241 242 242 242 241 242
242 242 241 241 241 241 242 169 240 241 242 241 242 242 241 241
241 241 242 243 243 241 240 140 184 229 241 239 240 241 242 242
241 241 243 246 245 242 175  46  52 238 241 237 237 240 242 242
240 241 243 245 244 194  96 223 174 125 232 238 237 240 241 242
241 241 241 242 242 167 108 117 123  93 164 241 241 241 242 241
242 242 241 240 240 205 138  81 239 139 186 242 243 242 241 241
242 241 241 241 240 184 117 109 179 122 241 242 242 242 241 241
241 241 242 242 242 187 154 101  37 220 241 240 241 241 241 242
241 241 242 243 242 239  83 167  74 124 241 240 240 241 242 242
241 242 241 241 241 232 106 142 154  94 241 242 242 241 241 241
242 241 239 237 238 241 121 239 223 157 242 244 245 243 241 240
242 242 240 237 237 241  81 165  71 206 242 245 246 243 241 241
242 242 241 240 240 241 240 165 221 238 241 243 243 242 241 241
241 241 242 242 241 242 241 220 234 242 241 241 241 241 242 242
242 241 242 242 242 241 241 237 239 242 241 240 241 241 242 242
242 242 241 241 240 241 242 229 241 241 241 242 242 242 241 242
242 242 241 241 241 241 242 169 240 241 242 241 242 242 241 241
241 241 242 243 243 241 240 140 184 229 241 239 240 241 242 242
241 241 243 246 245 242 175  46  52 238 241 237 237 240 242 242
240 241 243 245 244 194  96 223 174 125 232 238 237 240 241 242
241 241 241 242 242 167 108 117 123  93 164 241 241 241 242 241
242 242 241 240 240 205 138  81 239 139 186 242 243 242 241 241
242 241 241 241 240 184 117 109 179 122 241 242 242 242 241 241
241 241 242 242 242 187 154 101  37 220 241 240 241 241 241 242
241 241 242 243 242 239  83 167  74 124 241 240 240 241 242 242
241 242 241 241 241 232 106 142 154  94 241 242 242 241 241 241
242 241 239 237 238 241 121 239 223 157 242 244 245 243 241 240
242 242 240 237 237 241  81 165  71 206 242 245 246 243 241 241
242 242 241 240 240 241 240 165 221 238 241 243 243 242 241 241
241 241 242 242 241 242 241 220 234 242 241 241 241 241 242 242
242 241 242 242 242 241 241 237 239 242 241 240 241 241 242 242
242 242 241 241 240 241 242 229 241 241 241 242 242 242 241 242
242 242 241 241 241 241 242 169 240 241 242 241 242 242 241 241
241 241 242 243 243 241 240 140 184 229 241 239 240 241 242 242
241 241 243 246 245 242 175  46  52 238 241 237 237 240 242 242
240 241 243 245 244 194  96 223 174 125 232 238 237 240 241 242
241 241 241 242 242 167 108 117 123  93 164 241 241 241 242 241
242 242 241 240 240 205 138  81 239 139 186 242 243 242 241 241
242 241 241 241 240 184 117 109 179 122 241 242 242 242 241 241
241 241 242 242 242 187 154 101  37 220 241 240 241 241 241 242
241 241 242 243 242 239  83 167  74 124 241 240 240 241 242 242
241 242 241 241 241 232 106 142 154  94 241 242 242 241 241 241
242 241 239 237 238 241 121 239 223 157 242 244 245 243 241 240
242 242 240 237 237 241  81 165  71 206 242 245 246 243 241 241
242 242 241 240 240 241 240 165 221 238 241 243 243 242 241 241
241 241 242 242 241 242 241 220 234 242 241 241 241 241 242 242
242 241 242 242 242 241 241 237 239 242 241 240 241 241 242 242

242 241 242 242 243 242 241 241 242 242 241 241 241 242 242 242
241 242 242 243 242 242 242 241 242 242 242 241 241 241 242 242
242 242 241 240 240 241 242 242 241 241 242 243 243 242 241 242
242 243 240 237 238 241 243 243 241 241 242 245 246 243 241 241
243 242 240 238 239 241 243 242 241 241 242 245 245 243 241 241
242 242 241 241 233 159 180 242 242 241 242 242 242 242 242 241
241 242 228 238 128  93 143 120 218 125  92 152 201 237 242 242
241 240 185  56 174 116 238 181  40  77 152 224  73 211 231 239
230 169 140  48 226 120  77 109 103 168 137 240 173 165 224 238
242 242 241 178  96 102 136 117 153  84 109 119  79 238 242 241
241 242 242 242 199 172 207 188 190 239 233 241 241 241 242 242
241 241 243 245 245 242 241 241 242 243 241 239 238 240 242 243
241 241 243 246 245 242 241 241 243 243 241 238 237 240 243 242
242 241 242 243 243 242 241 241 242 242 241 240 240 241 242 242
242 242 241 241 241 242 242 242 241 242 242 242 243 242 242 241
242 242 242 241 241 241 242 242 241 241 242 243 242 242 241 242
242 241 242 242 243 242 241 241 242 242 241 241 241 242 242 242
241 242 242 243 242 242 242 241 242 242 242 241 241 241 242 242
242 242 241 240 240 241 242 242 241 241 242 243 243 242 241 242
242 243 240 237 238 241 243 243 241 241 242 245 246 243 241 241
243 242 240 238 239 241 243 242 241 241 242 245 245 243 241 241
242 242 241 241 233 159 180 242 242 241 242 242 242 242 242 241
241 242 228 238 128  93 143 120 218 125  92 152 201 237 242 242
241 240 185  56 174 116 238 181  40  77 152 224  73 211 231 239
230 169 140  48 226 120  77 109 103 168 137 240 173 165 224 238
242 242 241 178  96 102 136 117 153  84 109 119  79 238 242 241
241 242 242 242 199 172 207 188 190 239 233 241 241 241 242 242
241 241 243 245 245 242 241 241 242 243 241 239 238 240 242 243
241 241 243 246 245 242 241 241 243 243 241 238 237 240 243 242
242 241 242 243 243 242 241 241 242 242 241 240 240 241 242 242
242 242 241 241 241 242 242 242 241 242 242 242 243 242 242 241
242 242 242 241 241 241 242 242 241 241 242 243 242 242 241 242
242 241 242 242 243 242 241 241 242 242 241 241 241 242 242 242
241 242 242 243 242 242 242 241 242 242 242 241 241 241 242 242
242 242 241 240 240 241 242 242 241 241 242 243 243 242 241 242
242 243 240 237 238 241 243 243 241 241 242 245 246 243 241 241
243 242 240 238 239 241 243 242 241 241 242 245 245 243 241 241
242 242 241 241 233 159 180 242 242 241 242 242 242 242 242 241
241 242 228 238 128  93 143 120 218 125  92 152 201 237 242 242
241 240 185  56 174 116 238 181  40  77 152 224  73 211 231 239
230 169 140  48 226 120  77 109 103 168 137 240 173 165 224 238
242 242 241 178  96 102 136 117 153  84 109 119  79 238 242 241
241 242 242 242 199 172 207 188 190 239 233 241 241 241 242 242
241 241 243 245 245 242 241 241 242 243 241 239 238 240 242 243
241 241 243 246 245 242 241 241 243 243 241 238 237 240 243 242
242 241 242 243 243 242 241 241 242 242 241 240 240 241 242 242
242 242 241 241 241 242 242 242 241 242 242 242 243 242 242 241
242 242 242 241 241 241 242 242 241 241 242 243 242 242 241 242
